Sol 1.0 1.0 5778 1.0 4
Sirius 2.0 1.5 9940 23.6 1
Proxima 0.12 0.15 3042 0.0017 3
Alpha 1.5 2.0 10370 80.4 0
Betelgeuse 20.0 1.0 3130 120000 5
Vega 2.1 2.7 9602 40.1 2
Pollux 1.9 8.8 4736 36.0 4
Arcturus 1.1 25.4 4290 170.0 2
Deneb 19.0 203.0 8520 196000 1
Regulus 3.5 3.8 12100 288.0 5
Antares 15.0 680.0 3590 64000 0
Rigel 23.0 78.9 12100 120000 3
Aldebaran 1.1 44.2 3910 400.0 1
Spica 10.0 7.0 22400 2140.0 0
Bellatrix 6.0 4.0 22000 800.0 0
Polaris 5.5 45.0 5800 430.0 0
Fomalhaut 1.8 1.6 8600 17.9 0
Achernar 6.2 11.0 15000 850.0 0
Alnilam 40.0 20.0 27900 375000 0
Alkaid 2.0 3.0 14000 45.0 1
Denebola 2.8 2.2 11000 16.0 1
Mirfak 5.0 5.0 6200 500.0 1
Wezen 40.0 25.0 18000 140000 1
Alphard 7.5 2.0 24000 400.0 1
Alcyone 4.0 4.0 8000 250.0 0
Mirach 3.0 5.0 9000 220.0 0
Hamal 2.5 2.0 6700 40.0 0
Menkar 5.0 7.0 5200 550.0 0
Mirzam 15.0 10.0 18700 14000 0
